9.354194161401599983e-01
9.005255371579500290e-01
8.622964513228299488e-01
8.216994027799300326e-01
7.799907958435500221e-01
7.385716862975899577e-01
6.988049093269399492e-01
6.618425344573199975e-01
6.285077764550499602e-01
5.992526999305799462e-01
5.741856795645300382e-01
5.531442274354499977e-01
5.357845443984999845e-01
5.216655095976699963e-01
5.103149511441299468e-01
5.012750922752799987e-01
4.941289168678399957e-01
4.854499201918400231e-01
4.742024810880299812e-01
4.598034989616299750e-01
4.416429727022500029e-01
4.191910977683599993e-01
3.920554919405899730e-01
3.602459261738999996e-01
3.240799302334300136e-01
2.846768159173799773e-01
2.432092134348400048e-01
2.018156827652800023e-01
1.617726900309399973e-01
1.251497096174599977e-01
9.245832612764999514e-02
6.458317697321000472e-02
